repeat wait(1) until game:IsLoaded()if string.lower(game:GetService("RbxAnalyticsService"):GetClientId()) == game:GetService("RbxAnalyticsService"):GetClientId() then
    local ScreenGui = Instance.new("ScreenGui")
    local ImageButton = Instance.new("ImageButton")

    ScreenGui.Parent = game:GetService("Players").LocalPlayer:WaitForChild("PlayerGui")

    ImageButton.Parent = ScreenGui
    ImageButton.BackgroundColor3 = Color3.fromRGB(15, 15, 15)
    ImageButton.Position = UDim2.new(0.120833337, 0, 0.0952890813, 0)
    ImageButton.Size = UDim2.new(0, 50, 0, 50)
    ImageButton.Image = "rbxassetid://7566388691"
    ImageButton.MouseButton1Down:connect(function()
        game:GetService("VirtualInputManager"):SendKeyEvent(true,305,false,game)
        game:GetService("VirtualInputManager"):SendKeyEvent(false,305,false,game)
    end)
end

local ScreenGui = Instance.new("ScreenGui")
local ImageButton = Instance.new("ImageButton")

ScreenGui.Parent = game.Players.LocalPlayer:WaitForChild("PlayerGui")
ScreenGui.ZIndexBehavior = Enum.ZIndexBehavior.Sibling

ImageButton.Parent = ScreenGui
ImageButton.BackgroundColor3 = Color3.fromRGB(0, 0, 0)
ImageButton.BorderSizePixel = 0
ImageButton.Position = UDim2.new(0.1208337, 0, 0.0952890813, 0)
ImageButton.Size = UDim2.new(0, 50, 0, 50)
ImageButton.Image = "rbxassetid://7566388691"
ImageButton.MouseButton1Down:connect(function()
    game:GetService("VirtualInputManager"):SendKeyEvent(true,305,false,game)
    game:GetService("VirtualInputManager"):SendKeyEvent(false,305,false,game)
end)







		repeat wait() until game.Players
		repeat wait() until game.Players.LocalPlayer
		repeat wait() until game.ReplicatedStorage
		repeat wait() until game.ReplicatedStorage:FindFirstChild("Remotes");
		repeat wait() until game.Players.LocalPlayer:FindFirstChild("PlayerGui");
		repeat wait() until game.Players.LocalPlayer.PlayerGui:FindFirstChild("Main");
		repeat wait() until game:GetService("Players")
		repeat wait() until game:GetService("Players").LocalPlayer.Character:FindFirstChild("Energy")
		
		wait(1)
		
		if not game:IsLoaded() then repeat game.Loaded:Wait() until game:IsLoaded() end
		--Team
		if game:GetService("Players").LocalPlayer.PlayerGui.Main:FindFirstChild("ChooseTeam") then
			repeat wait()
				if game:GetService("Players").LocalPlayer.PlayerGui:WaitForChild("Main").ChooseTeam.Visible == true then
					if _G.Team == "Pirate" then
						for i, v in pairs(getconnections(game:GetService("Players").LocalPlayer.PlayerGui.Main.ChooseTeam.Container.Pirates.Frame.ViewportFrame.TextButton.Activated)) do                                                                                                
							v.Function()
						end
					elseif _G.Team == "Marine" then
						for i, v in pairs(getconnections(game:GetService("Players").LocalPlayer.PlayerGui.Main.ChooseTeam.Container.Marines.Frame.ViewportFrame.TextButton.Activated)) do                                                                                                
							v.Function()
						end
					else
						for i, v in pairs(getconnections(game:GetService("Players").LocalPlayer.PlayerGui.Main.ChooseTeam.Container.Pirates.Frame.ViewportFrame.TextButton.Activated)) do                                                                                                
							v.Function()
						end
					end
				end
			until game.Players.LocalPlayer.Team ~= nil and game:IsLoaded()
		end
		local MyLevel = game.Players.LocalPlayer.Data.Level.Value
		task.spawn(function() 
			while true do task.wait(0.3);
			coroutine.wrap(function() 
			pcall(function() 
			game:GetService("ReplicatedStorage").RigControllerEvent:FireServer("weaponChange",tostring("Combat"));
			game:GetService("ReplicatedStorage").RigControllerEvent:FireServer("unequipWeapon",tostring("Combat"));
			end);
			end)();
			end;
			end);
		if game.PlaceId == 2753915549 then
			World1 = true
		elseif game.PlaceId == 4442272183 then
			World2 = true
		elseif game.PlaceId == 7449423635 then
			World3 = true
		else
			game.Players.LocalPlayer:Kick("????????????")
		end
		local placeId = game.PlaceId;
							 if placeId == 2753915549 then
								OldWorld = true;
							 elseif placeId == 4442272183 then
								NewWorld = true;
							 elseif placeId == 7449423635 then
								Three = true;
								do
								   local count = 0;
								   for i,v in pairs(game:GetService("Workspace").Map.Turtle:GetChildren()) do
									  if v.Name == "Model" and #v:GetChildren() >= 40 and v:FindFirstChild("Meshes/Plank7") and i > 20 then
										 v:Destroy()
										 count = count + 1
										 if count > 2 then
											break
										 end
									  end
								   end
								end
							 end
							 function CheckQuest()
								local MyLevel = game.Players.LocalPlayer.Data.Level.Value
								if OldWorld then
								   if MyLevel == 1 or MyLevel <= 9 then -- Bandit
									Ms = "Bandit [Lv. 5]"
									NaemQuest = "BanditQuest1"
									LevelQuest = 1
									NameMon = "Bandit"
									CFrameQuest = CFrame.new(1061.66699, 16.5166187, 1544.52905, -0.942978859, -3.33851502e-09, 0.332852632, 7.04340497e-09, 1, 2.99841325e-08, -0.332852632, 3.06188177e-08, -0.942978859)
									CFrameMon = CFrame.new(1199.31287, 52.2717781, 1536.91516, -0.929782331, 6.60215846e-08, -0.368109822, 3.9077392e-08, 1, 8.06501603e-08, 0.368109822, 6.06023249e-08, -0.929782331)
	
								elseif MyLevel == 10 or MyLevel <= 14 then -- Monkey
									magbring = 400
									Ms = "Monkey [Lv. 14]"
									NaemQuest = "JungleQuest"
									LevelQuest = 1
									NameMon = "Monkey"
									CFrameQuest = CFrame.new(-1604.12012, 36.8521118, 154.23732, 0.0648873374, -4.70858913e-06, -0.997892559, 1.41431883e-07, 1, -4.70933674e-06, 0.997892559, 1.64442184e-07, 0.0648873374)
									CFrameMon = CFrame.new(-1502.74609, 98.5633316, 90.6417007, 0.836947978, 0, 0.547282517, -0, 1, -0, -0.547282517, 0, 0.836947978)
									if _G.Bypass and (CFrameQuest.Position - game.Players.LocalPlayer.Character.HumanoidRootPart.Position).Magnitude > 1000 then
										game.Players.LocalPlayer.Character.Head:Destroy()
										game.Players.LocalPlayer.Character.HumanoidRootPart.CFrame = CFrameQuest
										game.Players.LocalPlayer.Character.HumanoidRootPart.CFrame = CFrameQuest
										game.Players.LocalPlayer.Character.HumanoidRootPart.CFrame = CFrameQuest
										game.Players.LocalPlayer.Character.HumanoidRootPart.CFrame = CFrameQuest
										game.Players.LocalPlayer.Character.HumanoidRootPart.CFrame = CFrameQuest
										game.Players.LocalPlayer.Character.HumanoidRootPart.CFrame = CFrameQuest
										wait(1.5)
										_G.AutoFarm = false
										game.Players.LocalPlayer.Character.HumanoidRootPart.CFrame = CFrameQuest
										game.Players.LocalPlayer.Character.HumanoidRootPart.CFrame = CFrameQuest
										game.Players.LocalPlayer.Character.HumanoidRootPart.CFrame = CFrameQuest
										game.Players.LocalPlayer.Character.HumanoidRootPart.CFrame = CFrameQuest
										game.Players.LocalPlayer.Character.HumanoidRootPart.CFrame = CFrameQuest
										game.Players.LocalPlayer.Character.HumanoidRootPart.CFrame = CFrameQuest
										wait(3)
										game.Players.LocalPlayer.Character.HumanoidRootPart.CFrame = CFrameQuest
										game.Players.LocalPlayer.Character.HumanoidRootPart.CFrame = CFrameQuest
										game.Players.LocalPlayer.Character.HumanoidRootPart.CFrame = CFrameQuest
										game.Players.LocalPlayer.Character.HumanoidRootPart.CFrame = CFrameQuest
										_G.AutoFarm = true
										repeat wait() until game:GetService("Players").LocalPlayer.Character:WaitForChild("Humanoid").Health > 0
												wait(.1)
												game:GetService("ReplicatedStorage").Remotes.CommF_:InvokeServer("SetSpawnPoint")
											
									end
								elseif MyLevel == 15 or MyLevel <= 29 then -- Gorilla
									magbring = 240
									Ms = "Gorilla [Lv. 20]"
									NaemQuest = "JungleQuest"
									LevelQuest = 2
									NameMon = "Gorilla"
									CFrameQuest = CFrame.new(-1604.12012, 36.8521118, 154.23732, 0.0648873374, -4.70858913e-06, -0.997892559, 1.41431883e-07, 1, -4.70933674e-06, 0.997892559, 1.64442184e-07, 0.0648873374)
									CFrameMon = CFrame.new(-1223.52808, 6.27936459, -502.292664, 0.310949147, -5.66602516e-08, 0.950426519, -3.37275488e-08, 1, 7.06501808e-08, -0.950426519, -5.40241736e-08, 0.310949147)
									if _G.Bypass and (CFrameQuest.Position - game.Players.LocalPlayer.Character.HumanoidRootPart.Position).Magnitude > 1000 then
										game.Players.LocalPlayer.Character.Head:Destroy()
										game.Players.LocalPlayer.Character.HumanoidRootPart.CFrame = CFrameQuest
										game.Players.LocalPlayer.Character.HumanoidRootPart.CFrame = CFrameQuest
										game.Players.LocalPlayer.Character.HumanoidRootPart.CFrame = CFrameQuest
										game.Players.LocalPlayer.Character.HumanoidRootPart.CFrame = CFrameQuest
										game.Players.LocalPlayer.Character.HumanoidRootPart.CFrame = CFrameQuest
										game.Players.LocalPlayer.Character.HumanoidRootPart.CFrame = CFrameQuest
										wait(3)
										_G.AutoFarm = false
										game.Players.LocalPlayer.Character.HumanoidRootPart.CFrame = CFrameQuest
										game.Players.LocalPlayer.Character.HumanoidRootPart.CFrame = CFrameQuest
										game.Players.LocalPlayer.Character.HumanoidRootPart.CFrame = CFrameQuest
										game.Players.LocalPlayer.Character.HumanoidRootPart.CFrame = CFrameQuest
										game.Players.LocalPlayer.Character.HumanoidRootPart.CFrame = CFrameQuest
										game.Players.LocalPlayer.Character.HumanoidRootPart.CFrame = CFrameQuest
										wait(4)
										game.Players.LocalPlayer.Character.HumanoidRootPart.CFrame = CFrameQuest
										game.Players.LocalPlayer.Character.HumanoidRootPart.CFrame = CFrameQuest
										game.Players.LocalPlayer.Character.HumanoidRootPart.CFrame = CFrameQuest
										game.Players.LocalPlayer.Character.HumanoidRootPart.CFrame = CFrameQuest
										_G.AutoFarm = true
										repeat wait() until game:GetService("Players").LocalPlayer.Character:WaitForChild("Humanoid").Health > 0
												wait(.1)
												game:GetService("ReplicatedStorage").Remotes.CommF_:InvokeServer("SetSpawnPoint")
											
									end
								elseif MyLevel == 30 or MyLevel <= 39 then -- Pirate
									Dis = 150
									Ms = "Pirate [Lv. 35]"
									NaemQuest = "BuggyQuest1"
									LevelQuest = 1
									NameMon = "Pirate"
									CFrameQuest = CFrame.new(-1139.59717, 4.75205183, 3825.16211, -0.959730506, -7.5857054e-09, 0.280922383, -4.06310328e-08, 1, -1.11807175e-07, -0.280922383, -1.18718916e-07, -0.959730506)
									CFrameMon = CFrame.new(-1219.32324, 4.75205183, 3915.63452, -0.966492832, -6.91238853e-08, 0.25669381, -5.21195496e-08, 1, 7.3047012e-08, -0.25669381, 5.72206496e-08, -0.966492832)
									if _G.Bypass and (CFrameQuest.Position - game.Players.LocalPlayer.Character.HumanoidRootPart.Position).Magnitude > 3000 then
										game.Players.LocalPlayer.Character.Head:Destroy()
										game.Players.LocalPlayer.Character.HumanoidRootPart.CFrame = CFrameQuest
										game.Players.LocalPlayer.Character.HumanoidRootPart.CFrame = CFrameQuest
										game.Players.LocalPlayer.Character.HumanoidRootPart.CFrame = CFrameQuest
										game.Players.LocalPlayer.Character.HumanoidRootPart.CFrame = CFrameQuest
										game.Players.LocalPlayer.Character.HumanoidRootPart.CFrame = CFrameQuest
										game.Players.LocalPlayer.Character.HumanoidRootPart.CFrame = CFrameQuest
										wait(3)
										_G.AutoFarm = false
										game.Players.LocalPlayer.Character.HumanoidRootPart.CFrame = CFrameQuest
										game.Players.LocalPlayer.Character.HumanoidRootPart.CFrame = CFrameQuest
										game.Players.LocalPlayer.Character.HumanoidRootPart.CFrame = CFrameQuest
										game.Players.LocalPlayer.Character.HumanoidRootPart.CFrame = CFrameQuest
										game.Players.LocalPlayer.Character.HumanoidRootPart.CFrame = CFrameQuest
										game.Players.LocalPlayer.Character.HumanoidRootPart.CFrame = CFrameQuest
										wait(4)
										game.Players.LocalPlayer.Character.HumanoidRootPart.CFrame = CFrameQuest
										game.Players.LocalPlayer.Character.HumanoidRootPart.CFrame = CFrameQuest
										game.Players.LocalPlayer.Character.HumanoidRootPart.CFrame = CFrameQuest
										game.Players.LocalPlayer.Character.HumanoidRootPart.CFrame = CFrameQuest
										_G.AutoFarm = true
										repeat wait() until game:GetService("Players").LocalPlayer.Character:WaitForChild("Humanoid").Health > 0
												wait(.1)
												game:GetService("ReplicatedStorage").Remotes.CommF_:InvokeServer("SetSpawnPoint")
											
									end
								elseif MyLevel == 40 or MyLevel <= 59 then -- Brute
									Dis = 150
									Ms = "Brute [Lv. 45]"
									NaemQuest = "BuggyQuest1"
									LevelQuest = 2
									NameMon = "Brute"
									CFrameQuest = CFrame.new(-1139.59717, 4.75205183, 3825.16211, -0.959730506, -7.5857054e-09, 0.280922383, -4.06310328e-08, 1, -1.11807175e-07, -0.280922383, -1.18718916e-07, -0.959730506)
									CFrameMon = CFrame.new(-1146.49646, 96.0936813, 4312.1333, -0.978175163, -1.53222057e-08, 0.207781896, -3.33316912e-08, 1, -8.31738873e-08, -0.207781896, -8.82843523e-08, -0.978175163)
									if _G.Bypass and (CFrameQuest.Position - game.Players.LocalPlayer.Character.HumanoidRootPart.Position).Magnitude > 3000 then
										game.Players.LocalPlayer.Character.Head:Destroy()
										game.Players.LocalPlayer.Character.HumanoidRootPart.CFrame = CFrameQuest
										game.Players.LocalPlayer.Character.HumanoidRootPart.CFrame = CFrameQuest
										game.Players.LocalPlayer.Character.HumanoidRootPart.CFrame = CFrameQuest
										game.Players.LocalPlayer.Character.HumanoidRootPart.CFrame = CFrameQuest
										game.Players.LocalPlayer.Character.HumanoidRootPart.CFrame = CFrameQuest
										game.Players.LocalPlayer.Character.HumanoidRootPart.CFrame = CFrameQuest
										wait(3)
										_G.AutoFarm = false
										game.Players.LocalPlayer.Character.HumanoidRootPart.CFrame = CFrameQuest
										game.Players.LocalPlayer.Character.HumanoidRootPart.CFrame = CFrameQuest
										game.Players.LocalPlayer.Character.HumanoidRootPart.CFrame = CFrameQuest
										game.Players.LocalPlayer.Character.HumanoidRootPart.CFrame = CFrameQuest
										game.Players.LocalPlayer.Character.HumanoidRootPart.CFrame = CFrameQuest
										game.Players.LocalPlayer.Character.HumanoidRootPart.CFrame = CFrameQuest
										wait(4)
										game.Players.LocalPlayer.Character.HumanoidRootPart.CFrame = CFrameQuest
										game.Players.LocalPlayer.Character.HumanoidRootPart.CFrame = CFrameQuest
										game.Players.LocalPlayer.Character.HumanoidRootPart.CFrame = CFrameQuest
										game.Players.LocalPlayer.Character.HumanoidRootPart.CFrame = CFrameQuest
										_G.AutoFarm = true
										repeat wait() until game:GetService("Players").LocalPlayer.Character:WaitForChild("Humanoid").Health > 0
												wait(.1)
												game:GetService("ReplicatedStorage").Remotes.CommF_:InvokeServer("SetSpawnPoint")
											
									end
								elseif MyLevel == 60 or MyLevel <= 74 then -- Desert Bandit
									Ms = "Desert Bandit [Lv. 60]"
									NaemQuest = "DesertQuest"
									LevelQuest = 1
									NameMon = "Desert Bandit"
									CFrameQuest = CFrame.new(897.031128, 6.43846416, 4388.97168, -0.804044724, 3.68233266e-08, 0.594568789, 6.97835176e-08, 1, 3.24365246e-08, -0.594568789, 6.75715199e-08, -0.804044724)
									CFrameMon = CFrame.new(932.788818, 6.4503746, 4488.24609, -0.998625934, 3.08948351e-08, 0.0524050146, 2.79967303e-08, 1, -5.60361286e-08, -0.0524050146, -5.44919629e-08, -0.998625934)
									if _G.Bypass and (CFrameQuest.Position - game.Players.LocalPlayer.Character.HumanoidRootPart.Position).Magnitude > 3000 then
										game.Players.LocalPlayer.Character.Head:Destroy()
										game.Players.LocalPlayer.Character.HumanoidRootPart.CFrame = CFrameQuest
										game.Players.LocalPlayer.Character.HumanoidRootPart.CFrame = CFrameQuest
										game.Players.LocalPlayer.Character.HumanoidRootPart.CFrame = CFrameQuest
										game.Players.LocalPlayer.Character.HumanoidRootPart.CFrame = CFrameQuest
										game.Players.LocalPlayer.Character.HumanoidRootPart.CFrame = CFrameQuest
										game.Players.LocalPlayer.Character.HumanoidRootPart.CFrame = CFrameQuest
										wait(3)
										_G.AutoFarm = false
										game.Players.LocalPlayer.Character.HumanoidRootPart.CFrame = CFrameQuest
										game.Players.LocalPlayer.Character.HumanoidRootPart.CFrame = CFrameQuest
										game.Players.LocalPlayer.Character.HumanoidRootPart.CFrame = CFrameQuest
										game.Players.LocalPlayer.Character.HumanoidRootPart.CFrame = CFrameQuest
										game.Players.LocalPlayer.Character.HumanoidRootPart.CFrame = CFrameQuest
										game.Players.LocalPlayer.Character.HumanoidRootPart.CFrame = CFrameQuest
										wait(4)
										game.Players.LocalPlayer.Character.HumanoidRootPart.CFrame = CFrameQuest
										game.Players.LocalPlayer.Character.HumanoidRootPart.CFrame = CFrameQuest
										game.Players.LocalPlayer.Character.HumanoidRootPart.CFrame = CFrameQuest
										game.Players.LocalPlayer.Character.HumanoidRootPart.CFrame = CFrameQuest
										_G.AutoFarm = true
										repeat wait() until game:GetService("Players").LocalPlayer.Character:WaitForChild("Humanoid").Health > 0
												wait(.1)
												game:GetService("ReplicatedStorage").Remotes.CommF_:InvokeServer("SetSpawnPoint")
											
									end
								elseif MyLevel == 75 or MyLevel <= 89 then -- Desert Officre
									Ms = "Desert Officer [Lv. 70]"
									NaemQuest = "DesertQuest"
									LevelQuest = 2
									NameMon = "Desert Officer"
									CFrameQuest = CFrame.new(897.031128, 6.43846416, 4388.97168, -0.804044724, 3.68233266e-08, 0.594568789, 6.97835176e-08, 1, 3.24365246e-08, -0.594568789, 6.75715199e-08, -0.804044724)
									CFrameMon = CFrame.new(1580.03198, 4.61375761, 4366.86426, 0.135744005, -6.44280718e-08, -0.990743816, 4.35738308e-08, 1, -5.90598574e-08, 0.990743816, -3.51534837e-08, 0.135744005)
									if _G.Bypass and (CFrameQuest.Position - game.Players.LocalPlayer.Character.HumanoidRootPart.Position).Magnitude > 3000 then
										game.Players.LocalPlayer.Character.Head:Destroy()
										game.Players.LocalPlayer.Character.HumanoidRootPart.CFrame = CFrameQuest
										game.Players.LocalPlayer.Character.HumanoidRootPart.CFrame = CFrameQuest
										game.Players.LocalPlayer.Character.HumanoidRootPart.CFrame = CFrameQuest
										game.Players.LocalPlayer.Character.HumanoidRootPart.CFrame = CFrameQuest
										game.Players.LocalPlayer.Character.HumanoidRootPart.CFrame = CFrameQuest
										game.Players.LocalPlayer.Character.HumanoidRootPart.CFrame = CFrameQuest
										wait(3)
										_G.AutoFarm = false
										game.Players.LocalPlayer.Character.HumanoidRootPart.CFrame = CFrameQuest
										game.Players.LocalPlayer.Character.HumanoidRootPart.CFrame = CFrameQuest
										game.Players.LocalPlayer.Character.HumanoidRootPart.CFrame = CFrameQuest
										game.Players.LocalPlayer.Character.HumanoidRootPart.CFrame = CFrameQuest
										game.Players.LocalPlayer.Character.HumanoidRootPart.CFrame = CFrameQuest
										game.Players.LocalPlayer.Character.HumanoidRootPart.CFrame = CFrameQuest
										wait(4)
										game.Players.LocalPlayer.Character.HumanoidRootPart.CFrame = CFrameQuest
										game.Players.LocalPlayer.Character.HumanoidRootPart.CFrame = CFrameQuest
										game.Players.LocalPlayer.Character.HumanoidRootPart.CFrame = CFrameQuest
										game.Players.LocalPlayer.Character.HumanoidRootPart.CFrame = CFrameQuest
										_G.AutoFarm = true
										repeat wait() until game:GetService("Players").LocalPlayer.Character:WaitForChild("Humanoid").Health > 0
												wait(.1)
												game:GetService("ReplicatedStorage").Remotes.CommF_:InvokeServer("SetSpawnPoint")
											
									end
								elseif MyLevel == 90 or MyLevel <= 99 then -- Snow Bandits
									Ms = "Snow Bandit [Lv. 90]"
									NaemQuest = "SnowQuest"
									LevelQuest = 1
									NameMon = "Snow Bandits"
									CFrameQuest = CFrame.new(1384.14001, 87.272789, -1297.06482, 0.348555952, -2.53947841e-09, -0.937287986, 1.49860568e-08, 1, 2.86358204e-09, 0.937287986, -1.50443711e-08, 0.348555952)
									CFrameMon = CFrame.new(1370.24316, 102.403511, -1411.52905, 0.980274439, -1.12995728e-08, 0.197641045, -9.57343449e-09, 1, 1.04655214e-07, -0.197641045, -1.04482936e-07, 0.980274439)
									if _G.Bypass and (CFrameQuest.Position - game.Players.LocalPlayer.Character.HumanoidRootPart.Position).Magnitude > 3000 then
										game.Players.LocalPlayer.Character.Head:Destroy()
										game.Players.LocalPlayer.Character.HumanoidRootPart.CFrame = CFrameQuest
										game.Players.LocalPlayer.Character.HumanoidRootPart.CFrame = CFrameQuest
										game.Players.LocalPlayer.Character.HumanoidRootPart.CFrame = CFrameQuest
										game.Players.LocalPlayer.Character.HumanoidRootPart.CFrame = CFrameQuest
										game.Players.LocalPlayer.Character.HumanoidRootPart.CFrame = CFrameQuest
										game.Players.LocalPlayer.Character.HumanoidRootPart.CFrame = CFrameQuest
										wait(3)
										_G.AutoFarm = false
										game.Players.LocalPlayer.Character.HumanoidRootPart.CFrame = CFrameQuest
										game.Players.LocalPlayer.Character.HumanoidRootPart.CFrame = CFrameQuest
										game.Players.LocalPlayer.Character.HumanoidRootPart.CFrame = CFrameQuest
										game.Players.LocalPlayer.Character.HumanoidRootPart.CFrame = CFrameQuest
										game.Players.LocalPlayer.Character.HumanoidRootPart.CFrame = CFrameQuest
										game.Players.LocalPlayer.Character.HumanoidRootPart.CFrame = CFrameQuest
										wait(4)
										game.Players.LocalPlayer.Character.HumanoidRootPart.CFrame = CFrameQuest
										game.Players.LocalPlayer.Character.HumanoidRootPart.CFrame = CFrameQuest
										game.Players.LocalPlayer.Character.HumanoidRootPart.CFrame = CFrameQuest
										game.Players.LocalPlayer.Character.HumanoidRootPart.CFrame = CFrameQuest
										_G.AutoFarm = true
										repeat wait() until game:GetService("Players").LocalPlayer.Character:WaitForChild("Humanoid").Health > 0
												wait(.1)
												game:GetService("ReplicatedStorage").Remotes.CommF_:InvokeServer("SetSpawnPoint")
											
									end
								elseif MyLevel == 100 or MyLevel <= 119 then -- Snowman
									Ms = "Snowman [Lv. 100]"
									NaemQuest = "SnowQuest"
									LevelQuest = 2
									NameMon = "Snowman"
									CFrameQuest = CFrame.new(1384.14001, 87.272789, -1297.06482, 0.348555952, -2.53947841e-09, -0.937287986, 1.49860568e-08, 1, 2.86358204e-09, 0.937287986, -1.50443711e-08, 0.348555952)
									CFrameMon = CFrame.new(1370.24316, 102.403511, -1411.52905, 0.980274439, -1.12995728e-08, 0.197641045, -9.57343449e-09, 1, 1.04655214e-07, -0.197641045, -1.04482936e-07, 0.980274439)
									if _G.Bypass and (CFrameQuest.Position - game.Players.LocalPlayer.Character.HumanoidRootPart.Position).Magnitude > 3000 then
										game.Players.LocalPlayer.Character.Head:Destroy()
										game.Players.LocalPlayer.Character.HumanoidRootPart.CFrame = CFrameQuest
										game.Players.LocalPlayer.Character.HumanoidRootPart.CFrame = CFrameQuest
										game.Players.LocalPlayer.Character.HumanoidRootPart.CFrame = CFrameQuest
										game.Players.LocalPlayer.Character.HumanoidRootPart.CFrame = CFrameQuest
										game.Players.LocalPlayer.Character.HumanoidRootPart.CFrame = CFrameQuest
										game.Players.LocalPlayer.Character.HumanoidRootPart.CFrame = CFrameQuest
										wait(3)
										_G.AutoFarm = false
										game.Players.LocalPlayer.Character.HumanoidRootPart.CFrame = CFrameQuest
										game.Players.LocalPlayer.Character.HumanoidRootPart.CFrame = CFrameQuest
										game.Players.LocalPlayer.Character.HumanoidRootPart.CFrame = CFrameQuest
										game.Players.LocalPlayer.Character.HumanoidRootPart.CFrame = CFrameQuest
										game.Players.LocalPlayer.Character.HumanoidRootPart.CFrame = CFrameQuest
										game.Players.LocalPlayer.Character.HumanoidRootPart.CFrame = CFrameQuest
										wait(4)
										game.Players.LocalPlayer.Character.HumanoidRootPart.CFrame = CFrameQuest
										game.Players.LocalPlayer.Character.HumanoidRootPart.CFrame = CFrameQuest
										game.Players.LocalPlayer.Character.HumanoidRootPart.CFrame = CFrameQuest
										game.Players.LocalPlayer.Character.HumanoidRootPart.CFrame = CFrameQuest
										_G.AutoFarm = true
										repeat wait() until game:GetService("Players").LocalPlayer.Character:WaitForChild("Humanoid").Health > 0
												wait(.1)
												game:GetService("ReplicatedStorage").Remotes.CommF_:InvokeServer("SetSpawnPoint")
											
									end
								elseif MyLevel == 120 or MyLevel <= 149 then -- Chief Petty Officer
									Ms = "Chief Petty Officer [Lv. 120]"
									NaemQuest = "MarineQuest2"
									LevelQuest = 1
									NameMon = "Chief Petty Officer"
									CFrameQuest = CFrame.new(-5035.0835, 28.6520386, 4325.29443, 0.0243340395, -7.08064647e-08, 0.999703884, -6.36926814e-08, 1, 7.23777944e-08, -0.999703884, -6.54350671e-08, 0.0243340395)
									CFrameMon = CFrame.new(-4882.8623, 22.6520386, 4255.53516, 0.273695946, -5.40380647e-08, -0.96181643, 4.37720793e-08, 1, -4.37274998e-08, 0.96181643, -3.01326679e-08, 0.273695946)
									if _G.Bypass and (CFrameQuest.Position - game.Players.LocalPlayer.Character.HumanoidRootPart.Position).Magnitude > 3000 then
										game.Players.LocalPlayer.Character.Head:Destroy()
										game.Players.LocalPlayer.Character.HumanoidRootPart.CFrame = CFrameQuest
										game.Players.LocalPlayer.Character.HumanoidRootPart.CFrame = CFrameQuest
										game.Players.LocalPlayer.Character.HumanoidRootPart.CFrame = CFrameQuest
										game.Players.LocalPlayer.Character.HumanoidRootPart.CFrame = CFrameQuest
										game.Players.LocalPlayer.Character.HumanoidRootPart.CFrame = CFrameQuest
										game.Players.LocalPlayer.Character.HumanoidRootPart.CFrame = CFrameQuest
										wait(3)
										_G.AutoFarm = false
										game.Players.LocalPlayer.Character.HumanoidRootPart.CFrame = CFrameQuest
										game.Players.LocalPlayer.Character.HumanoidRootPart.CFrame = CFrameQuest
										game.Players.LocalPlayer.Character.HumanoidRootPart.CFrame = CFrameQuest
										game.Players.LocalPlayer.Character.HumanoidRootPart.CFrame = CFrameQuest
										game.Players.LocalPlayer.Character.HumanoidRootPart.CFrame = CFrameQuest
										game.Players.LocalPlayer.Character.HumanoidRootPart.CFrame = CFrameQuest
										wait(4)
										game.Players.LocalPlayer.Character.HumanoidRootPart.CFrame = CFrameQuest
										game.Players.LocalPlayer.Character.HumanoidRootPart.CFrame = CFrameQuest
										game.Players.LocalPlayer.Character.HumanoidRootPart.CFrame = CFrameQuest
										game.Players.LocalPlayer.Character.HumanoidRootPart.CFrame = CFrameQuest
										_G.AutoFarm = true
										repeat wait() until game:GetService("Players").LocalPlayer.Character:WaitForChild("Humanoid").Health > 0
												wait(.1)
												game:GetService("ReplicatedStorage").Remotes.CommF_:InvokeServer("SetSpawnPoint")
											
									end
								elseif MyLevel == 150 or MyLevel <= 174 then -- Sky Bandit
									Ms = "Sky Bandit [Lv. 150]"
									NaemQuest = "SkyQuest"
									LevelQuest = 1
									NameMon = "Sky Bandit"
									CFrameQuest = CFrame.new(-4841.83447, 717.669617, -2623.96436, -0.875942111, 5.59710216e-08, -0.482416272, 3.04023082e-08, 1, 6.08195947e-08, 0.482416272, 3.86078725e-08, -0.875942111)
									CFrameMon = CFrame.new(-4970.74219, 294.544342, -2890.11353, -0.994874597, -8.61311236e-08, -0.101116329, -9.10836206e-08, 1, 4.43614923e-08, 0.101116329, 5.33441664e-08, -0.994874597)
									if _G.AutoFarm and (CFrameQuest.Position - game.Players.LocalPlayer.Character.HumanoidRootPart.Position).Magnitude > 1000 then
										game:GetService("ReplicatedStorage").Remotes.CommF_:InvokeServer("requestEntrance",Vector3.new(-4607.82275, 872.54248, -1667.55688))
									end
								elseif MyLevel == 175 or MyLevel <= 189 then -- Dark Master
									Ms = "Dark Master [Lv. 175]"
									NaemQuest = "SkyQuest"
									LevelQuest = 2
									NameMon = "Dark Master"
									CFrameQuest = CFrame.new(-4841.83447, 717.669617, -2623.96436, -0.875942111, 5.59710216e-08, -0.482416272, 3.04023082e-08, 1, 6.08195947e-08, 0.482416272, 3.86078725e-08, -0.875942111)
									CFrameMon = CFrame.new(-5220.58594, 430.693298, -2278.17456, -0.925375521, 1.12086873e-08, 0.379051805, -1.05115507e-08, 1, -5.52320891e-08, -0.379051805, -5.50948407e-08, -0.925375521)
									if _G.AutoFarm and (CFrameQuest.Position - game.Players.LocalPlayer.Character.HumanoidRootPart.Position).Magnitude > 1000 then
										game:GetService("ReplicatedStorage").Remotes.CommF_:InvokeServer("requestEntrance",Vector3.new(-4607.82275, 872.54248, -1667.55688))
									end
								elseif MyLevel == 190 or MyLevel <= 209 then -- Dark Master
									Ms = "Prisoner [Lv. 190]"
									NaemQuest = "PrisonerQuest"
									LevelQuest = 1
									NameMon = "Prisoner"
									CFrameQuest = CFrame.new(5310.61, 0.350015, 474.947)
									CFrameMon = CFrame.new(4977.88525390625, 72.67780303955078, 498.108642578125)
									if _G.Bypass and (CFrameQuest.Position - game.Players.LocalPlayer.Character.HumanoidRootPart.Position).Magnitude > 3000 then
										game.Players.LocalPlayer.Character.Head:Destroy()
										game.Players.LocalPlayer.Character.HumanoidRootPart.CFrame = CFrameQuest
										game.Players.LocalPlayer.Character.HumanoidRootPart.CFrame = CFrameQuest
										game.Players.LocalPlayer.Character.HumanoidRootPart.CFrame = CFrameQuest
										game.Players.LocalPlayer.Character.HumanoidRootPart.CFrame = CFrameQuest
										game.Players.LocalPlayer.Character.HumanoidRootPart.CFrame = CFrameQuest
										game.Players.LocalPlayer.Character.HumanoidRootPart.CFrame = CFrameQuest
										wait(3)
										_G.AutoFarm = false
										game.Players.LocalPlayer.Character.HumanoidRootPart.CFrame = CFrameQuest
										game.Players.LocalPlayer.Character.HumanoidRootPart.CFrame = CFrameQuest
										game.Players.LocalPlayer.Character.HumanoidRootPart.CFrame = CFrameQuest
										game.Players.LocalPlayer.Character.HumanoidRootPart.CFrame = CFrameQuest
										game.Players.LocalPlayer.Character.HumanoidRootPart.CFrame = CFrameQuest
										game.Players.LocalPlayer.Character.HumanoidRootPart.CFrame = CFrameQuest
										wait(4)
										game.Players.LocalPlayer.Character.HumanoidRootPart.CFrame = CFrameQuest
										game.Players.LocalPlayer.Character.HumanoidRootPart.CFrame = CFrameQuest
										game.Players.LocalPlayer.Character.HumanoidRootPart.CFrame = CFrameQuest
										game.Players.LocalPlayer.Character.HumanoidRootPart.CFrame = CFrameQuest
										_G.AutoFarm = true
										repeat wait() until game:GetService("Players").LocalPlayer.Character:WaitForChild("Humanoid").Health > 0
												wait(.1)
												game:GetService("ReplicatedStorage").Remotes.CommF_:InvokeServer("SetSpawnPoint")
											
									end
								elseif MyLevel == 210 or MyLevel <= 249 then -- Dark Master
									Ms = "Dangerous Prisoner [Lv. 210]"
									NaemQuest = "PrisonerQuest"
									LevelQuest = 2
									NameMon = "Dangerous Prisoner"
									CFrameQuest = CFrame.new(5310.61, 0.350015, 474.947)
									CFrameMon = CFrame.new(5656.42333984375, 72.67793273925781, 866.1055908203125)
									if _G.Bypass and (CFrameQuest.Position - game.Players.LocalPlayer.Character.HumanoidRootPart.Position).Magnitude > 3000 then
										game.Players.LocalPlayer.Character.Head:Destroy()
										game.Players.LocalPlayer.Character.HumanoidRootPart.CFrame = CFrameQuest
										game.Players.LocalPlayer.Character.HumanoidRootPart.CFrame = CFrameQuest
										game.Players.LocalPlayer.Character.HumanoidRootPart.CFrame = CFrameQuest
										game.Players.LocalPlayer.Character.HumanoidRootPart.CFrame = CFrameQuest
										game.Players.LocalPlayer.Character.HumanoidRootPart.CFrame = CFrameQuest
										game.Players.LocalPlayer.Character.HumanoidRootPart.CFrame = CFrameQuest
										wait(3)
										_G.AutoFarm = false
										game.Players.LocalPlayer.Character.HumanoidRootPart.CFrame = CFrameQuest
										game.Players.LocalPlayer.Character.HumanoidRootPart.CFrame = CFrameQuest
										game.Players.LocalPlayer.Character.HumanoidRootPart.CFrame = CFrameQuest
										game.Players.LocalPlayer.Character.HumanoidRootPart.CFrame = CFrameQuest
										game.Players.LocalPlayer.Character.HumanoidRootPart.CFrame = CFrameQuest
										game.Players.LocalPlayer.Character.HumanoidRootPart.CFrame = CFrameQuest
										wait(4)
										game.Players.LocalPlayer.Character.HumanoidRootPart.CFrame = CFrameQuest
										game.Players.LocalPlayer.Character.HumanoidRootPart.CFrame = CFrameQuest
										game.Players.LocalPlayer.Character.HumanoidRootPart.CFrame = CFrameQuest
										game.Players.LocalPlayer.Character.HumanoidRootPart.CFrame = CFrameQuest
										_G.AutoFarm = true
										repeat wait() until game:GetService("Players").LocalPlayer.Character:WaitForChild("Humanoid").Health > 0
												wait(.1)
												game:GetService("ReplicatedStorage").Remotes.CommF_:InvokeServer("SetSpawnPoint")
											
									end
								elseif MyLevel == 250 or MyLevel <= 299 then -- Toga Warrior
									Ms = "Toga Warrior [Lv. 250]"
									NaemQuest = "ColosseumQuest"
									LevelQuest = 1
									NameMon = "Toga Warrior"
									CFrameQuest = CFrame.new(-1576.11743, 7.38933945, -2983.30762, 0.576966345, 1.22114863e-09, 0.816767931, -3.58496594e-10, 1, -1.24185606e-09, -0.816767931, 4.2370063e-10, 0.576966345)
									CFrameMon = CFrame.new(-1779.97583, 44.6077499, -2736.35474, 0.984437346, 4.10396339e-08, 0.175734788, -3.62286876e-08, 1, -3.05844168e-08, -0.175734788, 2.3741821e-08, 0.984437346)
									if _G.Bypass and (CFrameQuest.Position - game.Players.LocalPlayer.Character.HumanoidRootPart.Position).Magnitude > 3000 then
										game.Players.LocalPlayer.Character.Head:Destroy()
										game.Players.LocalPlayer.Character.HumanoidRootPart.CFrame = CFrameQuest
										game.Players.LocalPlayer.Character.HumanoidRootPart.CFrame = CFrameQuest
										game.Players.LocalPlayer.Character.HumanoidRootPart.CFrame = CFrameQuest
										game.Players.LocalPlayer.Character.HumanoidRootPart.CFrame = CFrameQuest
										game.Players.LocalPlayer.Character.HumanoidRootPart.CFrame = CFrameQuest
										game.Players.LocalPlayer.Character.HumanoidRootPart.CFrame = CFrameQuest
										wait(1.5)
										_G.AutoFarm = false
										game.Players.LocalPlayer.Character.HumanoidRootPart.CFrame = CFrameQuest
										game.Players.LocalPlayer.Character.HumanoidRootPart.CFrame = CFrameQuest
										game.Players.LocalPlayer.Character.HumanoidRootPart.CFrame = CFrameQuest
										game.Players.LocalPlayer.Character.HumanoidRootPart.CFrame = CFrameQuest
										game.Players.LocalPlayer.Character.HumanoidRootPart.CFrame = CFrameQuest
										game.Players.LocalPlayer.Character.HumanoidRootPart.CFrame = CFrameQuest
										wait(3)
										game.Players.LocalPlayer.Character.HumanoidRootPart.CFrame = CFrameQuest
										game.Players.LocalPlayer.Character.HumanoidRootPart.CFrame = CFrameQuest
										game.Players.LocalPlayer.Character.HumanoidRootPart.CFrame = CFrameQuest
										game.Players.LocalPlayer.Character.HumanoidRootPart.CFrame = CFrameQuest
										_G.AutoFarm = true
										repeat wait() until game:GetService("Players").LocalPlayer.Character:WaitForChild("Humanoid").Health > 0
												wait(.1)
												game:GetService("ReplicatedStorage").Remotes.CommF_:InvokeServer("SetSpawnPoint")
											
									end
								elseif MyLevel == 300 or MyLevel <= 325 then -- Military Soldier
									Ms = "Military Soldier [Lv. 300]"
									NaemQuest = "MagmaQuest"
									LevelQuest = 1
									NameMon = "Military Soldier"
									CFrameQuest = CFrame.new(-5316.55859, 12.2370615, 8517.2998, 0.588437557, -1.37880001e-08, -0.808542669, -2.10116209e-08, 1, -3.23446478e-08, 0.808542669, 3.60215964e-08, 0.588437557)
									CFrameMon = CFrame.new(-5376.13867, 60.2465515, 8313.62305, -0.693342566, -1.01933502e-07, 0.720608115, -9.95837439e-08, 1, 4.56390268e-08, -0.720608115, -4.01173743e-08, -0.693342566)
									if _G.Bypass and (CFrameQuest.Position - game.Players.LocalPlayer.Character.HumanoidRootPart.Position).Magnitude > 3000 then
										game.Players.LocalPlayer.Character.Head:Destroy()
										game.Players.LocalPlayer.Character.HumanoidRootPart.CFrame = CFrameQuest
										game.Players.LocalPlayer.Character.HumanoidRootPart.CFrame = CFrameQuest
										game.Players.LocalPlayer.Character.HumanoidRootPart.CFrame = CFrameQuest
										game.Players.LocalPlayer.Character.HumanoidRootPart.CFrame = CFrameQuest
										game.Players.LocalPlayer.Character.HumanoidRootPart.CFrame = CFrameQuest
										game.Players.LocalPlayer.Character.HumanoidRootPart.CFrame = CFrameQuest
										wait(1.5)
										_G.AutoFarm = false
										game.Players.LocalPlayer.Character.HumanoidRootPart.CFrame = CFrameQuest
										game.Players.LocalPlayer.Character.HumanoidRootPart.CFrame = CFrameQuest
										game.Players.LocalPlayer.Character.HumanoidRootPart.CFrame = CFrameQuest
										game.Players.LocalPlayer.Character.HumanoidRootPart.CFrame = CFrameQuest
										game.Players.LocalPlayer.Character.HumanoidRootPart.CFrame = CFrameQuest
										game.Players.LocalPlayer.Character.HumanoidRootPart.CFrame = CFrameQuest
										wait(3)
										game.Players.LocalPlayer.Character.HumanoidRootPart.CFrame = CFrameQuest
										game.Players.LocalPlayer.Character.HumanoidRootPart.CFrame = CFrameQuest
										game.Players.LocalPlayer.Character.HumanoidRootPart.CFrame = CFrameQuest
										game.Players.LocalPlayer.Character.HumanoidRootPart.CFrame = CFrameQuest
										_G.AutoFarm = true
										repeat wait() until game:GetService("Players").LocalPlayer.Character:WaitForChild("Humanoid").Health > 0
												wait(.1)
												game:GetService("ReplicatedStorage").Remotes.CommF_:InvokeServer("SetSpawnPoint")
											
									end
								elseif MyLevel == 325 or MyLevel <= 374 then -- Military Spy
									FM = false
									Ms = "Military Spy [Lv. 325]"
									NaemQuest = "MagmaQuest"
									LevelQuest = 2
									NameMon = "Military Spy"
									CFrameQuest = CFrame.new(-5316.55859, 12.2370615, 8517.2998, 0.588437557, -1.37880001e-08, -0.808542669, -2.10116209e-08, 1, -3.23446478e-08, 0.808542669, 3.60215964e-08, 0.588437557)
									CFrameMon = CFrame.new(-5960.86182, 82.3629303, 8893.15625, 0.942766786, 8.98857095e-08, 0.333452851, -5.81543986e-08, 1, -1.05141325e-07, -0.333452851, 7.9731997e-08, 0.942766786)
									if _G.Bypass and (CFrameQuest.Position - game.Players.LocalPlayer.Character.HumanoidRootPart.Position).Magnitude > 3000 then
										game.Players.LocalPlayer.Character.Head:Destroy()
										game.Players.LocalPlayer.Character.HumanoidRootPart.CFrame = CFrameQuest
										game.Players.LocalPlayer.Character.HumanoidRootPart.CFrame = CFrameQuest
										game.Players.LocalPlayer.Character.HumanoidRootPart.CFrame = CFrameQuest
										game.Players.LocalPlayer.Character.HumanoidRootPart.CFrame = CFrameQuest
										game.Players.LocalPlayer.Character.HumanoidRootPart.CFrame = CFrameQuest
										game.Players.LocalPlayer.Character.HumanoidRootPart.CFrame = CFrameQuest
										wait(1.5)
										_G.AutoFarm = false
